100781
100711
100671
100597
100568
100523
100359
100246
100109
100002
99881
99759
99605
99453
99288
99133
99010
98922
98841
98765
98713
98653
98562
98488
98416
98332
98227
98138
98060
97986
97915
97870
97830
97785
97722
97665
97583
97467
97359
97244
97126
97018
96886
96773
96682
96585
96529
96481
96434
96399
96377
96357
96343
96306
96262
96226
96200
96162
96116
96077
96028
95950
95870
95799
95720
95630
95537
95450
95359
95262
95196
95141
95100
95077
95045
95019
94993
94961
94929
94893
94868
94857
94844
94835
94828
94811
94816
94831
94841
94864
94888
94924
94959
94977
94988
95004
95020
95044
95046
95041
95026
95021
95018
95009
94988
94965
94930
94894
94876
94856
94839
94828
94811
94816
94831
94841
94864
94888
94924
94959
94977
94988
95004
95020
95044
95046
95041
95026
95021
95018
95009
94988
94965
94930
94894
94876
94856
94839
94828
94811
94816
94831
94841
94864
94888
94924
94959
94977
94988
95004
95020
95044
95046
95041
95026
95021
95018
95009
94988
94965
94930
94894
94876
94856
94839
94828
94811
94816
94831
94841
94864
94888
94924
94959
94977
94988
95004
95020
95044
95046
95041
95026
95021
95018
95009
94988
94965
94930
94894
94876
94856
94839
94828
94811
94816
94831
94841
94864
94888
94924
94959
94977
94988
95004
95020
95044
95046
95041
95026
95021
95018
95009
94988
94965
94930
94894
94876
94856
94839
94828
94811
94816
94831
94841
94864
94888
94924
94959
94977
94988
95004
95020
95044
95046
95041
95026
95021
95018
95009
94988
94965
94930
94894
94876
94856
94839
94828
94811
94816
94831
94841
94864
94888
94924
94959
94977
94988
95004
95020
95044
95046
95041
95026
95021
95018
95009
94988
94965
94930
94894
94876
94856
94839
94828
94811
94816
94831
94841
94864
94888
94924
94959
94977
94988
95004
95020
95044
95046
95041
95026
95021
95018
95009
94988
94965
94930
94894
94876
94856
94839
94828
94811
94816
94831
94841
94864
94888
94924
94959
94977
94988
95004
95020
95044
95046
95041
95026
95021
95018
95009
94988
94965
94930
94894
94876
94856
94839
94828
94811
94816
94831
94841
94864
94888
94924
94959
94977
94988
95004
95020
95044
95046
95041
95026
95021
95018
95009
94988
94965
94930
94894
94876
94856
94839
94828
94811
94816
94831
94841
94864
94888
94924
94959
94977
94988
95004
95020
95044
95046
95041
95026
95021
95018
95009
94988
94965
94930
94894
94876
94856
94839
94828
94811
94816
94831
94841
94864
94888
94924
94959
94977
94988
95004
95020
95044
95046
95041
95026
95021
95018
95009
94988
94965
94930
94894
94876
94856
94839
94828
94811
94816
94831
94841
94864
94888
94924
94959
94977
94988
95004
95020
95044
95046
95041
95026
95021
95018
95009
94988
94965
94930
94894
94876
94856
94839
94828
94811
94816
94831
94841
94864
94888
94924
94959
94977
94988
95004
95020
95044
95046
95041
95026
95021
95018
95009
94988
94965
94930
94894
94876
94856
94839
94828
94811
94816
94831
94841
94864
94888
94924
94959
94977
94988
95004
95020
95044
95046
95041
95026
95021
95018
95009
94988
94965
94930
94894
94876
94856
94839
94828
94811
94816
94831
94841
94864
94888
94924
94959
94977
94988
95004
95020
95044
95046
95041
95026
95021
95018
95009
94988
94965
94930
94894
94876
94856
94839
94828
94811
94816
94831
94841
94864
94888
94924
94959
94977
94988
95004
95020
95044
95046
95041
95026
95021
95018
95009
94988
94965
94930
94894
94876
94856
94839
94828
94811
94816
94831
94841
94864
94888
94924
94959
94977
94988
95004
95020
95044
95046
95041
95026
95021
95018
95009
94988
94965
94930
94894
94876
94856
94839
94828
94811
94816
94831
94841
94864
94888
94924
94959
94977
94988
95004
95020
95044
95046
95041
95026
95021
95018
95009
94988
94965
94930
94894
94876
94856
94839
94828
94811
94816
94831
94841
94864
94888
94924
94959
94977
94988
95004
95020
95044
95046
95041
95026
95021
95018
95009
94988
94965
94930
94894
94876
94856
94839
94828
94811
94816
94831
94841
94864
94888
94924
94959
94977
94988
95004
95020
95044
95046
95041
95026
95021
95018
95009
94988
94965
94930
94894
94876
94856
94839
94828
94811
94816
94831
94841
94864
94888
94924
94959
94977
94988
95004
95020
95044
95046
95041
95026
95021
95018
95009
94988
94965
94930
94894
94876
94856
94839
94828
94811
94816
94831
94841
94864
94888
94924
94959
94977
94988
95004
95020
95044
95046
95041
95026
95021
95018
95009
94988
94965
94930
94894
94876
94856
94839
94828
94811
94816
94831
94841
94864
94888
94924
94959
94977
94988
95004
95020
95044
95046
95041
95026
95021
95018
95009
94988
94965
94930
94894
94876
94856
94839
94828
94811
94816
94831
94841
94864
94888
94924
94959
94977
94988
95004
95020
95044
95046
95041
95026
95021
95018
95009
94988
94965
94930
94894
94876
94856
94839
94828
94811
94816
94831
94841
94864
94888
94924
94959
94977
94988
95004
95020
95044
95046
95041
95026
95021
95018
95009
94988
94965
94930
94894
94876
94856
94839
94828
94811
94816
94831
94841
94864
94888
94924
94959
94977
94988
95004
95020
95044
95046
95041
95026
95021
95018
95009
94988
94965
94930
94894
94876
94856
94839
94828
94811
94816
94831
94841
94864
94888
94924
94959
94977
94988
95004
95020
95044
95046
95041
95026
95021
95018
95009
94988
94965
94930
94894
94876
94856
94839
94828
94811
94816
94831
94841
94864
94888
94924
94959
94977
94988
95004
95020
95044
95046
95041
95026
95021
95018
95009
94988
94965
94930
94894
94876
94856
94839
94828
94811
94816
94831
94841
94864
94888
94924
94959
94977
94988
95004
95020
95044
95046
95041
95026
95021
95018
95009
94988
94965
94930
94894
94876
94856
94839
94828
94811
94816
94831
94841
94864
94888
94924
94959
94977
94988
95004
95020
95044
95046
95041
95026
95021
95018
95009
94988
94965
94930
94894
94876
94856
94839
94828
94811
94816
94831
94841
94864
94888
94924
94959
94977
94988
95004
95020
95044
95046
95041
95026
95021
95018
95009
94988
94965
94930
94894
94876
94856
94839
94828
94811
94816
94831
94841
94864
94888
94924
94959
94977
94988
95004
95020
95044
95046
95041
95026
95021
95018
95009
94988
94965
94930
94894
94876
94856
94839
94828
94811
94816
94831
94841
94864
94888
94924
94959
94977
94988
95004
95020
95044
95046
95041
95026
95021
95018
95009
94988
94965
94930
94894
94876