5
12
13
2
10
6
1
14
2
2
6
7
4
1
7
2
38
3
4
4
3
1
3
5
16
45
16
1
4
1
15
6
9
4
2
1
2
11
8
2
2
4
17
5
3
6
3
8
4
4
3
10
1
3
2
29
2
2
6
2
1
1
2
14
4
1
7
2
11
1
3
3
1
3
3
10
18
2
3
7
7
3
6
5
1
10
10
10
1
37
23
1
3
2
9
12
4
18
3
8
2
8
2
39
1
5
1
1
15
8
5
11
4
3
12
13
8
1
3
3
6
3
3
3
6
4
41
1
7
3
6
10
3
6
5
3
1
7
35
3
4
2
10
2
1
23
3
3
14
6
6
4
2
1
4
4
7
6
2
29
1
6
8
4
4
1
2
8
3
4
4
4
16
10
4
1
11
17
10
3
3
4
1
15
2
32
1
6
19
36
41
2
2
1
8
3
115
1
1
3
1
2
6
4
3
3
6
3
3
8
4
10
6
1
4
3
10
50
5
14
1
3
2
1
1
65
10
3
2
6
1
3
8
4
10
16
5
3
3
1
6
2
7
2
1
5
4
2
3
3
17
6
2
2
8
14
4
10
1
2
6
2
4
8
4
2
7
3
7
12
56
4
4
5
3
2
4
3
1
12
3
7
35
8
4
3
2
32
1
3
2
12
4
14
18
3
36
3
3
5
1
13
4
2
12
1
2
6
2
6
2
2
2
3
10
2
22
3
15
1
1
6
1
16
7
5
7
2
2
2
12
4
2
2
2
3
6
1
1
3
3
2
2
2
1
6
2
1
1
4
2
6
10
7
4
15
5
16
5
16
1
10
2
20
9
2
2
24
5
4
15
14
3
3
36
1
4
10
8
1
2
1
56
1
5
4
22
4
6
4
8
2
3
4
9
6
3
15
3
3
3
6
9
4
23
4
5
4
4
5
3
3
4
2
8
50
1
2
1
10
4
9
3
39
2
3
3
16
2
15
12
2
7
2
3
5
2
1
5
41
14
4
19
1
2
80
4
3
3
1
3
2
17
6
8
2
4
25
7
19
6
6
4
4
1
2
5
11
4
2
1
2
2
4
2
4
18
1
6
1
3
11
5
1
12
1
9
13
4
5
2
1
2
1
12
1
1
1
1
2
17
6
2
2
2
3
2
5
2
6
7
2
2
3
7
1
2
3
10
2
1
1
6
3
15
36
2
2
3
2
33
7
14
6
4
4
20
5
6
6
3
4
21
3
1
2
16
4
6
2
3
6
35
3
6
3
6
1
8
3
17
9
4
2
6
3
8
3
7
1
8
1
8
2
6
6
3
3
7
2
6
2
1
10
3
6
6
2
10
2
6
6
4
1
9
8
4
5
12
5
111
12
1
1
3
1
4
3
14
2
3
5
18
3
3
8
8
2
4
7
6
2
6
4
2
9
8
3
2
18
7
1
3
1
32
22
3
3
10
1
4
4
7
2
9
20
2
2
4
4
25
2
7
6
3
6
3
2
8
20
15
3
10
2
2
2
32
17
1
6
1
2
46
4
7
2
3
2
2
4
1
2
2
1
7
1
1
5
3
10
13
1
2
4
7
1
6
2
4
3
3
6
14
1
15
31
15
2
2
3
6
34
1
2
35
11
3
1
1
24
6
12
1
3
7
4
3
3
3
1
1
1
4
3
2
4
93
1
7
2
4
2
3
73
6
9
2
4
1
3
3
11
4
3
3
2
6
4
4
9
1
24
2
9
11
6
2
1
12
4
28
3
1
1
5
3
3
1
18
1
3
1
18
13
3
4
5
12
10
2
16
1
1
2
3
1
3
12
6
1
7
6
2
14
1
2
1
3
31
2
21
5
8
2
2
2
5
5
12
11
30
12
1
25
3
55
15
3
2
5
5
11
2
5
2
3
6
3
15
6
3
2
5
3
3
4
2
1
57
15
10
6
1
9
8
3
6
2
39
4
11
15
2
6
1
6
4
3
4
6
2
3
4
2
4
1
4
1
2
2
7
8
4
4
12
9
1
11
4
2
1
10
1
16
2
4
3
6
5
8
12
5
2
6
24
3
1
3
5
1
6
7
3
1
3
4
9
10
3
8
3
45
20
16
1
3
7
4
10
9
2
4
2
2
2
10
1
24
3
2
4
28
2
6
3
2
1
8
2
1
4
10
4
2
3
1
4
2
2
2
15
3
5
2
5
2
6
9
30
50
2
7
5
6
3
6
4
3
3
8
5
6
61
6
3
4
4
2
4
14
33
1
17
19
2
3
15
2
2
1
